0 0.003875 
1 0.003875 
2 0.017719 
3 0.031563 
4 0.043153 
5 0.057640 
6 0.070518 
7 0.083396 
8 0.096918 
9 0.109474 
10 0.123639 
11 0.135229 
12 0.148429 
13 0.161951 
14 0.173863 
15 0.188351 
16 0.200907 
17 0.213463 
18 0.226018 
19 0.238574 
20 0.250808 
21 0.264652 
22 0.276886 
23 0.290086 
24 0.303286 
25 0.315842 
26 0.328719 
27 0.341597 
28 0.353831 
29 0.367675 
30 0.380553 
31 0.393431 
32 0.405665 
33 0.418221 
34 0.431421 
35 0.443654 
36 0.455888 
37 0.470376 
38 0.482288 
39 0.495810 
40 0.508366 
41 0.521566 
42 0.534765 
43 0.547965 
44 0.560199 
45 0.573721 
46 0.587243 
47 0.599799 
48 0.613643 
49 0.625555 
50 0.639076 
51 0.651632 
52 0.663866 
53 0.677710 
54 0.690910 
55 0.703144 
56 0.715700 
57 0.728900 
58 0.741134 
59 0.754655 
60 0.767211 
61 0.780089 
62 0.793289 
63 0.805845 
64 0.818079 
65 0.830635 
66 0.843513 
67 0.856713 
68 0.869591 
69 0.882469 
70 0.895347 
71 0.907902 
72 0.920780 
73 0.933336 
74 0.947180 
75 0.960380 
76 0.973258 
77 0.985814 
78 0.999336 
79 1.012857 
80 1.025413 
81 1.038291 
82 1.051813 
83 1.065657 
84 1.077569 
85 1.091091 
86 1.102681 
87 1.116847 
88 1.129081 
89 1.141959 
90 1.153549 
91 1.167392 
92 1.180270 
93 1.193148 
94 1.206348 
95 1.218904 
96 1.231460 
97 1.244016 
98 1.256250 
99 1.269772 
100 1.281362 
101 1.295528 
102 1.308084 
103 1.321928 
104 1.334484 
105 1.347362 
106 1.360883 
107 1.373439 
108 1.386317 
109 1.398873 
110 1.412717 
111 1.425273 
112 1.438151 
113 1.451029 
114 1.463907 
115 1.477429 
116 1.489985 
117 1.503185 
118 1.516385 
119 1.528941 
120 1.541818 
121 1.554374 
122 1.567252 
123 1.581418 
124 1.592686 
125 1.605886 
126 1.619086 
127 1.631642 
128 1.644520 
129 1.656754 
130 1.670276 
131 1.682832 
132 1.694422 
133 1.707944 
134 1.721466 
135 1.734344 
136 1.746900 
137 1.759456 
138 1.772334 
139 1.784890 
140 1.798090 
141 1.810968 
142 1.824168 
143 1.837368 
144 1.849924 
145 1.863446 
146 1.876002 
147 1.888880 
148 1.901436 
149 1.914636 
150 1.927192 
151 1.942001 
152 1.953270 
153 1.966469 
154 1.979669 
155 1.993191 
156 2.005103 
157 2.018303 
158 2.031825 
159 2.044703 
160 2.055971 
161 2.068849 
162 2.081727 
163 2.094283 
164 2.106840 
165 2.120683 
166 2.133883 
167 2.147083 
168 2.158995 
169 2.172517 
170 2.185395 
171 2.197629 
172 2.211151 
173 2.224673 
174 2.236907 
175 2.249463 
176 2.262019 
177 2.276185 
178 2.287454 
179 2.301619 
180 2.313210 
181 2.327375 
182 2.340575 
183 2.354419 
184 2.366331 
185 2.379531 
186 2.392731 
187 2.405931 
188 2.418809 
189 2.431687 
190 2.444887 
191 2.457443 
192 2.469356 
193 2.482877 
194 2.495434 
195 2.509921 
196 2.520868 
197 2.534712 
198 2.547912 
199 2.560790 
200 2.574312 
201 2.586224 
202 2.599424 
203 2.612624 
204 2.625502 
205 2.638380 
206 2.651580 
207 2.664136 
208 2.677658 
209 2.690214 
210 2.702770 
211 2.716292 
212 2.728204 
213 2.742370 
214 2.755248 
215 2.768448 
216 2.781004 
217 2.793882 
218 2.807404 
219 2.819316 
220 2.831873 
221 2.845394 
222 2.858594 
223 2.873082 
224 2.884673 
225 2.896907 
226 2.909141 
227 2.922019 
228 2.934253 
229 2.948097 
230 2.961297 
231 2.973853 
232 2.986409 
233 2.999609 
234 3.012809 
235 3.025044 
236 3.037600 
237 3.051444 
238 3.064000 
239 3.077200 
240 3.089112 
241 3.101990 
242 3.115834 
243 3.128712 
244 3.141268 
245 3.153824 
246 3.166703 
247 3.179581 
248 3.191171 
249 3.205337 
250 3.217571 
251 3.230771 
252 3.243327 
253 3.255883 
254 3.268440 
255 3.282284 
